      -0.00912      -0.03329      -0.07314      -0.13884      -0.24715      -0.42574      -0.72017      -1.20561      -2.00596      -3.17235      -4.50875      -5.84515      -7.18155      -8.51795      -9.85435
     276.32276     277.05294     277.50554     278.18986     279.16990     280.49968     282.36754     285.21152     289.43560     293.73189     295.61622     296.06196     295.94706     295.66939     295.46830
     274.05838     274.51822     275.28182     276.39510     277.91740     279.85877     282.17635     285.13742     289.33286     293.63346     295.55516     296.03096     295.93799     295.67348     295.47855
     273.49264     273.85722     274.41775     275.33533     276.79282     278.94867     281.74514     285.01302     289.23089     293.53644     295.49407     295.99951     295.92844     295.67718     295.48848
     275.63082     275.69452     275.81756     276.13919     276.91035     278.53503     281.28243     284.82497     289.12491     293.44064     295.43299     295.96764     295.91842     295.68048     295.49809
     278.03136     277.96871     277.90695     277.90616     278.13546     278.98918     281.10131     284.61814     289.01200     293.34574     295.37194     295.93537     295.90794     295.68340     295.50737
     279.82722     279.72356     279.57993     279.42008     279.36324     279.75534     281.25190     284.46164     288.89447     293.25141     295.31094     295.90271     295.89700     295.68592     295.51632
     282.33692     282.09888     281.75697     281.31575     280.86912     280.73380     281.62191     284.39011     288.77840     293.15754     295.24997     295.86968     295.88561     295.68805     295.52493
     281.76101     281.80265     281.84112     281.84600     281.77581     281.69143     282.15829     284.41556     288.67072     293.06429     295.18904     295.83630     295.87378     295.68978     295.53320
     280.76387     280.87312     281.03901     281.27594     281.58277     281.95189     282.58830     284.51559     288.57722     292.97209     295.12816     295.80259     295.86152     295.69112     295.54114
     280.87524     280.93101     281.01894     281.17591     281.45566     281.94400     282.79963     284.63291     288.49951     292.88145     295.06737     295.76856     295.84882     295.69207     295.54873
     280.89242     280.96116     281.07297     281.25353     281.54449     282.03183     282.92556     284.73539     288.43542     292.79285     295.00673     295.73423     295.83571     295.69263     295.55598
     280.85419     280.92673     281.04490     281.23780     281.55588     282.09139     283.02601     284.82131     288.38204     292.70662     294.94629     295.69962     295.82219     295.69279     295.56288
     280.66535     280.76329     280.91360     281.15249     281.52863     282.12231     283.10047     284.89198     288.33693     292.62295     294.88614     295.66475     295.80826     295.69257     295.56943
     279.62298     279.93818     280.23138     280.66591     281.26958     282.05615     283.13937     284.94760     288.29807     292.54192     294.82634     295.62963     295.79394     295.69196     295.57563
     277.88802     278.21279     278.70561     279.42368     280.40488     281.63689     283.06695     284.98062     288.26347     292.46355     294.76697     295.59431     295.77923     295.69096     295.58148
     277.16917     277.42734     277.84444     278.50795     279.52863     280.99078     282.81516     284.96822     288.23014     292.38775     294.70808     295.55880     295.76414     295.68957     295.58697
     276.79353     277.05077     277.44458     278.07452     279.05533     280.51220     282.49351     284.89913     288.19397     292.31431     294.64973     295.52313     295.74869     295.68781     295.59210
     275.63688     275.99750     276.51853     277.31473     278.47699     280.08055     282.18444     284.78746     288.15156     292.24287     294.59196     295.48733     295.73288     295.68566     295.59688
     274.00731     274.41465     275.07076     276.07028     277.51237     279.44056     281.82719     284.64305     288.10106     292.17300     294.53477     295.45142     295.71673     295.68313     295.60130
     273.18166     273.54581     274.14242     275.09977     276.56766     278.66404     281.36499     284.45853     288.04088     292.10424     294.47817     295.41543     295.70024     295.68023     295.60535
     273.15000     273.52729     274.00563     274.79221     276.06491     278.05436     280.87126     284.23071     287.96900     292.03609     294.42213     295.37938     295.68343     295.67696     295.60905
     273.14133     273.61518     274.03796     274.73173     275.87333     277.70713     280.45419     283.97671     287.88421     291.96804     294.36662     295.34329     295.66631     295.67332     295.61239
     273.15000     273.41511     273.84588     274.55722     275.69392     277.46840     280.13124     283.72066     287.78715     291.89957     294.31157     295.30717     295.64888     295.66931     295.61536
     272.80535     273.14976     273.51749     274.25233     275.41311     277.20134     279.85228     283.47502     287.67983     291.83030     294.25691     295.27103     295.63117     295.66494     295.61797
     272.62777     273.12743     273.37147     274.05845     275.16881     276.92602     279.58185     283.23958     287.56437     291.75993     294.20255     295.23488     295.61318     295.66022     295.62022
     272.90029     273.04004     273.49942     274.09046     275.09164     276.74728     279.33959     283.01323     287.44246     291.68827     294.14843     295.19872     295.59493     295.65514     295.62211
     273.07938     273.14850     273.64414     274.21390     275.14890     276.68162     279.15334     282.80094     287.31574     291.61522     294.09445     295.16254     295.57641     295.64971     295.62364
     273.68006     274.11389     274.30090     274.64724     275.32926     276.66726     279.01811     282.60870     287.18610     291.54074     294.04055     295.12635     295.55764     295.64394     295.62481
     273.32711     273.54794     273.91239     274.49726     275.40596     276.78052     278.96293     282.44204     287.05554     291.46486     293.98665     295.09013     295.53862     295.63783     295.62562
     273.66451     273.84199     274.13080     274.60453     275.38937     276.71152     278.89515     282.30075     286.92623     291.38772     293.93269     295.05386     295.51937     295.63138     295.62608
     273.87875     274.02085     274.26599     274.69216     275.43281     276.70604     278.82876     282.17422     286.79939     291.30950     293.87863     295.01755     295.49988     295.62459     295.62617
     274.63968     274.73102     274.89510     275.19693     275.76129     276.82812     278.79580     282.06150     286.67569     291.23039     293.82442     294.98117     295.48017     295.61749     295.62591
     275.25427     275.36858     275.49247     275.72476     276.16841     277.06660     278.83678     281.97000     286.55599     291.15060     293.77006     294.94471     295.46022     295.61005     295.62530
     276.07268     276.21567     276.25460     276.35620     276.63999     277.35946     278.93723     281.90658     286.44165     291.07038     293.71551     294.90816     295.44006     295.60229     295.62434
     277.75778     277.67321     277.55421     277.43367     277.42527     277.82192     279.11040     281.87476     286.33422     290.98999     293.66080     294.87151     295.41967     295.59422     295.62302
     278.13662     278.18301     278.18570     278.19660     278.24644     278.47908     279.40692     281.88489     286.23557     290.90976     293.60591     294.83475     295.39906     295.58584     295.62136
     276.34375     276.78770     277.09182     277.52710     278.08940     278.74268     279.71214     281.94141     286.14811     290.83006     293.55089     294.79786     295.37822     295.57714     295.61934
     276.61202     276.75680     276.94140     277.23908     277.72893     278.54504     279.81701     282.01011     286.07288     290.75134     293.49577     294.76086     295.35717     295.56814     295.61698
     276.80676     277.06426     277.17517     277.38413     277.78345     278.52769     279.83158     282.05711     286.00767     290.67396     293.44060     294.72372     295.33590     295.55883     295.61428
     274.95097     275.30845     275.79235     276.46233     277.32938     278.41386     279.83824     282.08520     285.94957     290.59815     293.38545     294.68646     295.31441     295.54921     295.61124
     273.15000     273.30332     273.86667     274.82410     276.17524     277.82679     279.69020     282.08583     285.89612     290.52401     293.33038     294.64908     295.29270     295.53930     295.60786
     272.86055     273.15000     273.49974     274.19171     275.32608     277.05673     279.33620     282.03041     285.84359     290.45153     293.27544     294.61159     295.27077     295.52908     295.60414
     273.15000     273.32765     273.77368     274.31799     275.22926     276.71937     278.97976     281.91468     285.78716     290.38051     293.22070     294.57399     295.24863     295.51858     295.60009
     273.26156     273.61252     273.91693     274.41541     275.23667     276.59113     278.73896     281.77177     285.72401     290.31060     293.16617     294.53629     295.22627     295.50778     295.59570
     273.60818     273.73044     274.01116     274.48765     275.24648     276.51212     278.57741     281.62815     285.65417     290.24145     293.11188     294.49852     295.20370     295.49668     295.59099
     273.65717     273.81126     274.07626     274.50539     275.22493     276.45110     278.45857     281.49420     285.57901     290.17275     293.05782     294.46067     295.18092     295.48530     295.58594
     275.14252     275.18978     275.20131     275.27178     275.59462     276.51596     278.37751     281.37271     285.50011     290.10431     293.00398     294.42275     295.15793     295.47363     295.58056
     277.11025     276.98620     276.83199     276.68795     276.67915     277.08712     278.45972     281.27714     285.41931     290.03598     292.95035     294.38478     295.13475     295.46168     295.57487
     275.25518     275.70146     276.04104     276.48971     277.01802     277.62678     278.72228     281.23758     285.34007     289.96776     292.89690     294.34675     295.11136     295.44944     295.56884
     274.09016     274.39729     274.79066     275.39081     276.25292     277.38874     278.84718     281.24245     285.26652     289.89980     292.84363     294.30868     295.08778     295.43692     295.56250
     273.53287     273.69448     274.06415     274.70643     275.65141     276.97334     278.74878     281.23756     285.19923     289.83235     292.79052     294.27057     295.06400     295.42413     295.55584
     273.11981     273.41886     273.76063     274.33434     275.24462     276.61569     278.55636     281.19733     285.13543     289.76556     292.73759     294.23242     295.04004     295.41106     295.54887
     273.32678     273.50706     273.81266     274.29193     275.08287     276.37626     278.35660     281.12438     285.07198     289.69948     292.68484     294.19423     295.01590     295.39772     295.54157
     273.85452     274.00045     274.23386     274.57227     275.18009     276.30276     278.20525     281.03303     285.00689     289.63402     292.63230     294.15601     294.99156     295.38411     295.53397
     275.44342     275.43583     275.39050     275.41461     275.68450     276.48044     278.15083     280.94230     284.93973     289.56906     292.57995     294.11776     294.96706     295.37023     295.52606
     275.94614     276.24085     276.28496     276.37297     276.56188     277.02477     278.26861     280.87719     284.87177     289.50451     292.52780     294.07949     294.94238     295.35609     295.51784
     275.22771     275.48217     275.72876     276.06382     276.52038     277.22901     278.45719     280.85805     284.80610     289.44038     292.47585     294.04121     294.91752     295.34168     295.50931
     274.74035     274.89730     275.15915     275.58827     276.25027     277.18410     278.54218     280.86318     284.74534     289.37679     292.42410     294.00290     294.89250     295.32702     295.50048
     273.62161     274.23816     274.57813     275.10614     275.89157     276.99057     278.52140     280.86552     284.68963     289.31392     292.37255     293.96459     294.86732     295.31210     295.49135
     275.62405     275.59727     275.58632     275.65955     275.97734     276.83019     278.42592     280.84877     284.63741     289.25190     292.32122     293.92627     294.84197     295.29692     295.48192
     276.30427     276.33387     276.38390     276.47711     276.68188     277.19918     278.45101     280.82208     284.58691     289.19077     292.27013     293.88794     294.81647     295.28150     295.47219
     279.27817     279.01552     278.63357     278.14183     277.68371     277.67867     278.61127     280.81739     284.53849     289.13054     292.21930     293.84962     294.79081     295.26582     295.46217
     280.17618     280.05041     279.84605     279.52860     279.09650     278.71765     279.00864     280.86026     284.49453     289.07127     292.16873     293.81130     294.76500     295.24990     295.45186
     277.22604     277.73113     278.08831     278.55500     279.02642     279.26773     279.50129     280.97543     284.45938     289.01317     292.11846     293.77300     294.73904     295.23374     295.44126
     278.03292     278.03435     278.05833     278.15257     278.40815     278.93256     279.69530     281.11962     284.43630     288.95658     292.06850     293.73472     294.71294     295.21733     295.43037
     277.73290     277.83634     277.99838     278.24058     278.57515     279.02084     279.76793     281.23658     284.42342     288.90187     292.01892     293.69647     294.68670     295.20069     295.41920
     276.85178     277.02006     277.27437     277.64429     278.16210     278.86912     279.81071     281.33029     284.41749     288.84924     291.96976     293.65826     294.66033     295.18381     295.40775
     276.69074     276.80874     277.00360     277.32379     277.83986     278.63489     279.75865     281.39338     284.41572     288.79875     291.92108     293.62010     294.63382     295.16671     295.39601
     277.71608     277.70646     277.71753     277.79577     278.03951     278.61137     279.69626     281.42452     284.41516     288.75038     291.87292     293.58201     294.60719     295.14937     295.38400
     278.40652     278.40417     278.40486     278.42396     278.51918     278.85816     279.73596     281.44382     284.41399     288.70396     291.82534     293.54400     294.58043     295.13181     295.37172
     279.57197     279.47932     279.35350     279.21026     279.11524     279.23309     279.88079     281.47550     284.41248     288.65933     291.77835     293.50609     294.55356     295.11403     295.35916
     280.44625     280.35793     280.22673     280.04788     279.84869     279.75542     280.12722     281.53486     284.41235     288.61641     291.73200     293.46829     294.52659     295.09603     295.34634
     282.16997     281.97192     281.66128     281.20739     280.65763     280.27536     280.43523     281.63014     284.41604     288.57518     291.68629     293.43063     294.49950     295.07781     295.33324
     283.45657     283.23971     282.90305     282.40763     281.75754     281.09832     280.85563     281.76495     284.42596     288.53573     291.64124     293.39311     294.47233     295.05938     295.31989
     282.49801     282.50160     282.49931     282.46277     282.29792     281.84094     281.37060     281.95069     284.44493     288.49824     291.59690     293.35576     294.44506     295.04074     295.30627
     281.56948     281.63056     281.71667     281.82158     281.90694     281.88240     281.73773     282.16980     284.47542     288.46302     291.55328     293.31858     294.41772     295.02190     295.29239
     281.07122     281.20642     281.29001     281.41845     281.59126     281.76184     281.89682     282.37349     284.51668     288.43037     291.51043     293.28160     294.39030     295.00285     295.27826
     282.47633     282.35663     282.18513     281.97617     281.79137     281.75933     281.96578     282.53961     284.56517     288.40048     291.46841     293.24483     294.36281     294.98361     295.26388
     282.34291     282.35077     282.34818     282.31430     282.22145     282.08929     282.11647     282.68057     284.61749     288.37337     291.42728     293.20829     294.33527     294.96418     295.24924
     281.58405     281.73281     281.81683     281.92916     282.05869     282.16759     282.28446     282.81791     284.67236     288.34898     291.38707     293.17201     294.30768     294.94456     295.23436
     280.95942     281.06750     281.22849     281.45836     281.74782     282.05233     282.35986     282.94288     284.72911     288.32722     291.34783     293.13600     294.28005     294.92476     295.21923
     281.23060     281.24838     281.28132     281.35009     281.50748     281.84224     282.33991     283.04102     284.78607     288.30794     291.30960     293.10029     294.25240     294.90478     295.20387
     282.36637     282.29117     282.17149     282.00144     281.83724     281.88989     282.32120     283.11006     284.84104     288.29097     291.27240     293.06489     294.22472     294.88463     295.18827
     281.72325     281.77587     281.86520     282.00364     282.16605     282.25562     282.43970     283.17302     284.89294     288.27604     291.23624     293.02983     294.19703     294.86431     295.17243
     283.21855     283.07726     282.87373     282.61418     282.36784     282.30670     282.55027     283.24748     284.94272     288.26291     291.20112     292.99513     294.16935     294.84383     295.15636
     284.00584     283.89447     283.72434     283.47702     283.15017     282.81018     282.73978     283.33023     284.99137     288.25143     291.16704     292.96080     294.14168     294.82319     295.14007
     282.86027     282.98412     283.08200     283.18652     283.23841     283.14113     283.00925     283.43991     285.04051     288.24147     291.13399     292.92687     294.11403     294.80240     295.12355
     283.37523     283.33625     283.26652     283.15891     283.04237     283.03571     283.15078     283.56264     285.09197     288.23302     291.10195     292.89333     294.08641     294.78146     295.10681
     284.89655     284.71506     284.44368     284.06946     283.63610     283.30504     283.26733     283.67425     285.14535     288.22610     291.07091     292.86022     294.05884     294.76039     295.08986
     285.15939     285.06160     284.92264     284.72857     284.43651     283.95445     283.54191     283.79419     285.20017     288.22066     291.04087     292.82753     294.03132     294.73918     295.07270
     287.70166     287.37283     286.86297     286.12349     285.20034     284.36341     283.85614     283.94343     285.25802     288.21673     291.01182     292.79528     294.00387     294.71785     295.05533
     285.76147     285.86653     285.95017     285.97571     285.78498     285.14997     284.29817     284.12379     285.32075     288.21438     290.98376     292.76348     293.97650     294.69639     295.03775
     286.40490     286.27756     286.08200     285.80242     285.45121     285.07750     284.59817     284.33269     285.39052     288.21375     290.95667     292.73214     293.94921     294.67482     295.01998
     286.81489     286.72115     286.54034     286.27492     285.90073     285.38442     284.81398     284.52938     285.46689     288.21504     290.93058     292.70126     293.92201     294.65315     295.00202
     286.71371     286.66489     286.58344     286.44039     286.17300     285.68780     285.06458     284.72031     285.54828     288.21836     290.90550     292.67086     293.89492     294.63137     294.98386
     289.64691     289.26567     288.67869     287.83746     286.81211     285.91449     285.28072     284.90766     285.63391     288.22377     290.88145     292.64094     293.86794     294.60950     294.96552
     292.04083     291.62171     290.97104     290.00113     288.66227     287.07221     285.71357     285.10440     285.72322     288.23130     290.85843     292.61152     293.84108     294.58754     294.94699
     293.62137     293.21306     292.56386     291.56387     290.12114     288.27466     286.40418     285.36280     285.81869     288.24100     290.83649     292.58260     293.81436     294.56550     294.92830
     291.94607     291.86617     291.71052     291.38461     290.67671     289.23142     287.17013     285.69475     285.92511     288.25308     290.81563     292.55419     293.78777     294.54339     294.90943
     289.35528     289.48867     289.66776     289.84679     289.83749     289.21191     287.69038     286.06437     286.04584     288.26792     290.79588     292.52631     293.76134     294.52120     294.89039
     288.22271     288.29108     288.38880     288.51745     288.63543     288.55216     287.79896     286.39385     286.17905     288.28589     290.77731     292.49897     293.73506     294.49896     294.87120
     290.04279     289.83019     289.51310     289.08223     288.59834     288.19648     287.69256     286.63257     286.31784     288.30716     290.75997     292.47218     293.70895     294.47666     294.85185
     288.36701     288.49489     288.66459     288.83664     288.86614     288.49563     287.74465     286.80667     286.45523     288.33158     290.74390     292.44597     293.68301     294.45432     294.83235
     287.65230     287.70609     287.78392     287.88874     288.00979     288.06657     287.74962     286.95599     286.58859     288.35882     290.72915     292.42034     293.65726     294.43194     294.81271
     289.89466     289.66177     289.30520     288.80452     288.23623     287.85750     287.63193     287.06009     286.71593     288.38851     290.71573     292.39532     293.63171     294.40952     294.79293
     292.02092     291.70109     291.20909     290.49220     289.55129     288.53631     287.73741     287.14155     286.83511     288.42022     290.70365     292.37092     293.60636     294.38708     294.77301
     295.60592     295.04677     294.19492     292.96714     291.36600     289.61496     288.14830     287.26289     286.94804     288.45352     290.69289     292.34716     293.58123     294.36462     294.75297
     298.26529     297.70375     296.81918     295.47387     293.56364     291.18356     288.88339     287.47011     287.06054     288.48819     290.68342     292.32406     293.55633     294.34215     294.73280
     300.11673     299.56865     298.69534     297.34153     295.35398     292.71398     289.83450     287.79145     287.18068     288.52432     290.67520     292.30162     293.53167     294.31967     294.71252
     301.34248     300.83680     300.02339     298.74039     296.79719     294.07297     290.83998     288.21684     287.31614     288.56231     290.66823     292.27985     293.50725     294.29720     294.69212
     301.86282     301.42897     300.72150     299.58166     297.79866     295.17075     291.80092     288.71664     287.47196     288.60279     290.66251     292.25876     293.48309     294.27473     294.67162
     303.00427     302.51930     301.74464     300.53120     298.69537     296.06425     292.65700     289.25498     287.64996     288.64647     290.65809     292.23836     293.45920     294.25229     294.65103
     303.70677     303.26730     302.55340     301.40829     299.62120     296.97064     293.45979     289.80676     287.84930     288.69404     290.65502     292.21866     293.43558     294.22987     294.63034
     303.29262     302.97589     302.44085     301.53695     300.03519     297.64099     294.20065     290.36174     288.06803     288.74604     290.65339     292.19967     293.41225     294.20748     294.60956
     301.52805     301.39489     301.16059     300.72166     299.82889     297.97124     294.79822     290.90058     288.30345     288.80292     290.65332     292.18142     293.38922     294.18514     294.58870
     302.90887     302.53184     301.92839     300.99574     299.64762     297.82246     295.13229     291.39153     288.55126     288.86493     290.65490     292.16393     293.36650     294.16284     294.56777
     301.32339     301.24714     301.07932     300.70001     299.86231     298.18361     295.44808     291.81816     288.80538     288.93210     290.65825     292.14722     293.34409     294.14060     294.54678
     300.68031     300.53907     300.30335     299.90444     299.21312     297.95957     295.66422     292.19889     289.06122     289.00423     290.66345     292.13133     293.32201     294.11843     294.52572
     299.21717     299.21175     299.17303     299.03641     298.64893     297.69661     295.73167     292.51737     289.31465     289.08099     290.67057     292.11629     293.30028     294.09632     294.50460
     297.71815     297.76574     297.81977     297.84497     297.72777     297.17690     295.66298     292.76778     289.56117     289.16189     290.67968     292.10212     293.27890     294.07430     294.48344
     298.49762     298.33993     298.10159     297.76051     297.30551     296.67774     295.46796     292.94257     289.79633     289.24630     290.69079     292.08886     293.25789     294.05237     294.46224
     301.96813     301.47809     300.73903     299.69225     298.36589     296.92714     295.38363     293.05943     290.01634     289.33349     290.70390     292.07655     293.23727     294.03053     294.44100
     300.10109     300.07032     299.99937     299.80093     299.23038     297.83425     295.67702     293.18545     290.22122     289.42266     290.71895     292.06520     293.21705     294.00880     294.41974
     299.11117     299.06866     298.97298     298.76744     298.35455     297.54248     295.89539     293.35472     290.41587     289.51323     290.73590     292.05484     293.19724     293.98719     294.39845
     300.42240     300.18544     299.80953     299.23511     298.42313     297.38552     295.90602     293.51036     290.60278     289.60481     290.75466     292.04548     293.17786     293.96570     294.37715
     302.71986     302.30700     301.66308     300.70441     299.39721     297.82834     296.01981     293.64806     290.78133     289.69707     290.77515     292.03714     293.15893     293.94435     294.35585
     305.45622     304.91512     304.07258     302.81065     301.04708     298.83411     296.39863     293.81045     290.95280     289.78971     290.79728     292.02982     293.14046     293.92314     294.33455
     304.81230     304.56750     304.14064     303.38693     302.07031     299.91637     297.02806     294.04215     291.12191     289.88255     290.82095     292.02351     293.12246     293.90208     294.31325
     302.95967     302.88873     302.74171     302.41972     301.70228     300.18817     297.57070     294.33935     291.29464     289.97567     290.84608     292.01823     293.10494     293.88120     294.29197
     303.26826     303.04108     302.67995     302.11857     301.27043     299.97395     297.81523     294.63934     291.47327     290.06932     290.87259     292.01396     293.08792     293.86048     294.27072
     301.08784     301.12977     301.18070     301.19322     300.97079     300.01621     297.96653     294.90144     291.65527     290.16371     290.90045     292.01069     293.07141     293.83995     294.24950
     298.74563     298.91464     299.14447     299.40451     299.56233     299.27487     297.91659     295.11862     291.83722     290.25890     290.92959     292.00842     293.05541     293.81961     294.22831
     301.16952     300.88555     300.45566     299.85716     299.16178     298.54918     297.61163     295.25247     292.01420     290.35478     290.95999     292.00713     293.03994     293.79947     294.20718
     304.04490     303.60251     302.92009     301.92206     300.59974     299.09239     297.52885     295.32121     292.18052     290.45102     290.99160     292.00681     293.02500     293.77955     294.18610
     300.85828     300.97630     301.11032     301.17484     300.90941     299.81357     297.82634     295.41328     292.33603     290.54718     291.02436     292.00746     293.01060     293.75985     294.16508
     301.79564     301.59418     301.28090     300.81683     300.18369     299.35717     297.93464     295.54099     292.48528     290.64297     291.05820     292.00905     292.99674     293.74038     294.14414
     304.49508     304.07000     303.41396     302.45160     301.16682     299.67196     297.98393     295.65266     292.62942     290.73826     291.09304     292.01157     292.98343     293.72115     294.12328
     305.27172     304.95799     304.44666     303.62520     302.35527     300.53806     298.30382     295.78165     292.76877     290.83290     291.12881     292.01501     292.97067     293.70217     294.10250
     303.68542     303.61288     303.46077     303.13077     302.42125     301.00581     298.72797     295.96318     292.90695     290.92687     291.16543     292.01934     292.95847     293.68344     294.08182
     301.22136     301.29932     301.41285     301.53398     301.49370     300.79956     298.96322     296.16973     293.04739     291.02029     291.20285     292.02454     292.94682     293.66497     294.06125
     303.39079     303.09840     302.63980     301.96477     301.10281     300.20053     298.87915     296.34216     293.18945     291.11333     291.24102     292.03060     292.93574     293.64678     294.04079
     300.54943     300.69094     300.88762     301.09852     301.12000     300.45851     298.89319     296.46483     293.32896     291.20603     291.27988     292.03748     292.92521     293.62886     294.02046
     302.19434     301.97138     301.62458     301.12125     300.49283     299.84612     298.78621     296.56435     293.46392     291.29829     291.31941     292.04516     292.91523     293.61124     294.00025
     303.76333     303.47544     303.01930     302.32509     301.35340     300.15558     298.73808     296.62622     293.59218     291.38995     291.35955     292.05363     292.90581     293.59390     293.98018
     305.35897     304.99838     304.43206     303.57333     302.35482     300.78284     298.93490     296.69965     293.71349     291.48080     291.40026     292.06286     292.89695     293.57686     293.96025
     304.35896     304.22085     304.00388     303.64210     302.94998     301.51963     299.32199     296.82138     293.83120     291.57070     291.44148     292.07283     292.88863     293.56012     293.94048
     307.07047     306.61253     305.88037     304.76867     303.26973     301.59187     299.60214     296.98761     293.94972     291.65970     291.48316     292.08352     292.88086     293.54369     293.92087
     304.88571     304.87624     304.80303     304.54525     303.84346     302.32239     299.96975     297.17265     294.07092     291.74797     291.52525     292.09490     292.87364     293.52758     293.90143
     305.72205     305.44109     305.00796     304.36565     303.46156     302.19738     300.21976     297.38002     294.19635     291.83573     291.56773     292.10695     292.86695     293.51178     293.88216
     308.52763     308.03177     307.26520     306.13370     304.58977     302.67994     300.42687     297.57513     294.32559     291.92321     291.61057     292.11964     292.86080     293.49631     293.86308
     311.10221     310.53358     309.63826     308.27383     306.32082     303.78576     300.89242     297.78884     294.45803     292.01056     291.65377     292.13296     292.85517     293.48116     293.84418
     311.43627     311.03279     310.36641     309.27418     307.53689     304.94144     301.59004     298.06680     294.59662     292.09801     291.69732     292.14688     292.85006     293.46635     293.82549
     311.22759     310.89406     310.34204     309.43012     307.94761     305.61179     302.26646     298.41022     294.74593     292.18589     291.74124     292.16140     292.84547     293.45186     293.80700
     313.66357     313.07195     312.15006     310.76355     308.79885     306.18779     302.81699     298.78107     294.90820     292.27467     291.78553     292.17648     292.84140     293.43772     293.78872
     307.42969     307.72144     308.11633     308.50358     308.42255     306.85327     303.43015     299.16753     295.08310     292.36482     291.83026     292.19213     292.83782     293.42391     293.77065
     306.09784     306.11089     306.12670     306.13041     306.04467     305.51574     303.50733     299.53190     295.26965     292.45674     291.87547     292.20832     292.83474     293.41044     293.75281
     314.00523     313.07745     311.66724     309.68409     307.31139     305.21453     303.24456     299.77512     295.46031     292.55065     291.92123     292.22507     292.83216     293.39731     293.73520
     314.30204     313.88597     313.20303     312.07106     310.19614     307.25479     303.70541     299.97769     295.64714     292.64638     291.96760     292.24236     292.83006     293.38454     293.71783
     312.27831     312.13608     311.86640     311.33171     310.23165     308.04763     304.48382     300.27769     295.83405     292.74370     292.01462     292.26019     292.82845     293.37211     293.70069
     313.67077     313.24432     312.57195     311.54862     310.07208     308.02805     304.95580     300.63949     296.02831     292.84267     292.06233     292.27858     292.82731     293.36002     293.68380
     311.31876     311.29671     311.20967     310.93424     310.17262     308.39660     305.31501     300.99405     296.23225     292.94356     292.11077     292.29753     292.82666     293.34829     293.66717
     310.26297     310.17364     310.01435     309.71813     309.13722     307.93621     305.46915     301.31717     296.44336     293.04664     292.15999     292.31703     292.82648     293.33691     293.65079
     315.86345     315.09488     313.91551     312.21584     310.06582     307.86870     305.43624     301.56985     296.65609     293.15197     292.21004     292.33711     292.82677     293.32588     293.63467
     314.77450     314.51358     314.06837     313.28651     311.85657     309.31772     305.85360     301.79840     296.86528     293.25939     292.26097     292.35776     292.82753     293.31521     293.61881
     313.18021     313.04733     312.79603     312.30727     311.34578     309.50301     306.34881     302.08001     297.07312     293.36867     292.31281     292.37901     292.82877     293.30490     293.60323
     311.68618     311.61193     311.47395     311.19736     310.59534     309.24380     306.56272     302.36362     297.28215     293.47972     292.36557     292.40086     292.83048     293.29494     293.58792
     313.81133     313.42446     312.81110     311.88016     310.58177     308.94309     306.56079     302.60095     297.49021     293.59245     292.41930     292.42333     292.83266     293.28534     293.57289
     313.30150     313.11652     312.78732     312.19393     311.13643     309.35941     306.68203     302.79583     297.69350     293.70665     292.47399     292.44642     292.83532     293.27611     293.55815
     309.64396     309.79898     310.01360     310.23479     310.20553     309.26416     306.84499     302.98549     297.89109     293.82200     292.52964     292.47015     292.83846     293.26724     293.54369
     306.78540     307.01841     307.35452     307.78326     308.17495     308.09505     306.64833     303.13885     298.08259     293.93823     292.58624     292.49452     292.84208     293.25874     293.52952
     310.35001     309.97136     309.40295     308.62591     307.76207     307.10173     306.12741     303.19129     298.26323     294.05494     292.64376     292.51955     292.84619     293.25061     293.51565
     313.91424     313.37606     312.54814     311.33698     309.71839     307.85255     305.95125     303.17119     298.42678     294.17154     292.70217     292.54523     292.85078     293.24285     293.50208
     314.61769     314.25709     313.66310     312.69649     311.17870     308.98452     306.29618     303.19626     298.57455     294.28737     292.76139     292.57157     292.85586     293.23546     293.48881
     311.08875     311.16512     311.23977     311.21917     310.81885     309.43951     306.76217     303.31294     298.71454     294.40203     292.82134     292.59856     292.86144     293.22845     293.47585
     312.51447     312.22681     311.77745     311.10559     310.17020     308.92423     306.87352     303.46578     298.85317     294.51545     292.88192     292.62621     292.86751     293.22182     293.46319
     314.79288     314.35181     313.65945     312.61482     311.14832     309.28376     306.94370     303.59550     298.99037     294.62772     292.94307     292.65449     292.87408     293.21557     293.45085
     312.08340     312.09444     312.08300     311.96113     311.44657     309.94072     307.25788     303.73879     299.12564     294.73885     293.00470     292.68340     292.88115     293.20970     293.43883
     315.53790     315.00403     314.16984     312.94834     311.36578     309.63829     307.39484     303.90292     299.26119     294.84893     293.06676     292.71291     292.88871     293.20423     293.42713
     316.12737     315.76647     315.18455     314.25222     312.78253     310.57037     307.67331     304.06188     299.39693     294.95806     293.12920     292.74302     292.89678     293.19914     293.41575
     313.26925     313.29797     313.29436     313.14874     312.56883     310.98733     308.09675     304.26173     299.53436     295.06635     293.19197     292.77370     292.90534     293.19445     293.40470
     311.37263     311.41471     311.45486     311.44230     311.21761     310.37466     308.21984     304.47217     299.67576     295.17401     293.25504     292.80494     292.91440     293.19015     293.39398
     312.63845     312.40892     312.03590     311.46012     310.66766     309.69992     308.02692     304.62364     299.81854     295.28123     293.31838     292.83672     292.92396     293.18624     293.38359
     315.45495     314.98265     314.26107     313.20997     311.79057     310.05165     307.94398     304.71203     299.95719     295.38798     293.38197     292.86901     292.93400     293.18274     293.37355
     312.21984     312.29506     312.37272     312.36461     311.98816     310.66476     308.18787     304.80783     300.09001     295.49410     293.44581     292.90182     292.94453     293.17963     293.36384
     311.54536     311.49105     311.38534     311.17997     310.78986     310.02408     308.24442     304.92984     300.21993     295.59946     293.50985     292.93511     292.95554     293.17693     293.35447
     313.44343     313.13100     312.64763     311.93656     310.97755     309.79876     308.10892     305.01896     300.34766     295.70406     293.57407     292.96887     292.96704     293.17463     293.34545
     315.59398     315.17058     314.51112     313.52192     312.12757     310.33352     308.15819     305.08343     300.47062     295.80787     293.63845     293.00310     292.97900     293.17273     293.33679
     317.74700     317.24411     316.45420     315.25245     313.51989     311.22625     308.48410     305.17852     300.58928     295.91080     293.70295     293.03776     292.99144     293.17124     293.32847
     314.13560     314.19474     314.24460     314.18018     313.66471     312.00158     309.00284     305.34037     300.70786     296.01283     293.76756     293.07285     293.00434     293.17016     293.32051
     312.60327     312.58838     312.54964     312.44432     312.14833     311.30915     309.18762     305.53962     300.83088     296.11413     293.83225     293.10834     293.01769     293.16948     293.31290
     314.70848     314.39985     313.89944     313.12685     312.06332     310.82712     309.03921     305.68779     300.95685     296.21495     293.89700     293.14423     293.03150     293.16920     293.30566
     317.39275     316.88901     316.10898     314.95366     313.36507     311.39835     309.06908     305.78769     301.08080     296.31531     293.96183     293.18050     293.04576     293.16933     293.29877
     316.15346     315.98761     315.70158     315.18225     314.18123     312.27601     309.43120     305.91065     301.20197     296.41515     294.02672     293.21713     293.06046     293.16987     293.29225
     317.34292     316.98712     316.40773     315.49325     314.14583     312.32783     309.73173     306.07868     301.32392     296.51444     294.09166     293.25412     293.07559     293.17082     293.28610
     314.21784     314.28911     314.36035     314.34418     313.96262     312.62624     309.99466     306.25789     301.44846     296.61329     294.15665     293.29145     293.09115     293.17216     293.28032
     315.04554     314.81726     314.44843     313.87707     313.06394     311.96806     309.99829     306.42637     301.57552     296.71185     294.22168     293.32910     293.10714     293.17391     293.27490
     319.28304     318.64152     317.66235     316.25182     314.41100     312.32647     309.97820     306.54614     301.70195     296.81017     294.28676     293.36708     293.12354     293.17607     293.26986
     317.87158     317.68776     317.36016     316.75226     315.58822     313.44488     310.36745     306.67858     301.82601     296.90818     294.35188     293.40536     293.14035     293.17862     293.26519
     318.52314     318.20281     317.68486     316.85779     315.57510     313.64418     310.75881     306.86687     301.95137     297.00587     294.41705     293.44394     293.15756     293.18158     293.26090
     320.33009     319.86054     319.11385     317.96607     316.29852     314.05855     311.07090     307.07499     302.08073     297.10337     294.48225     293.48281     293.17517     293.18494     293.25698
     314.28781     314.62544     315.09666     315.61393     315.75243     314.51329     311.47423     307.30280     302.21487     297.20087     294.54751     293.52197     293.19317     293.18869     293.25344
     314.26268     314.16876     314.02676     313.82777     313.56869     313.09757     311.38626     307.51790     302.35429     297.29858     294.61282     293.56140     293.21156     293.19284     293.25028
     316.90192     316.55189     315.99746     315.16316     314.03962     312.76359     311.05673     307.63276     302.49366     297.39663     294.67821     293.60110     293.23033     293.19739     293.24749
     314.56097     314.60728     314.64667     314.60568     314.25897     313.14584     311.03914     307.69577     302.62664     297.49486     294.74369     293.64107     293.24948     293.20232     293.24509
     315.67858     315.44004     315.05754     314.47338     313.66694     312.65661     310.96348     307.75339     302.75251     297.59297     294.80928     293.68130     293.26900     293.20765     293.24306
     316.51251     316.25728     315.84976     315.21295     314.25270     312.87045     310.91223     307.78832     302.87075     297.69072     294.87496     293.72179     293.28888     293.21337     293.24142
     314.67189     314.67086     314.65120     314.55254     314.17864     313.09167     311.01055     307.83205     302.98160     297.78781     294.94072     293.76253     293.30912     293.21948     293.24016
     316.38416     316.07978     315.59862     314.87577     313.89724     312.72562     310.97791     307.88387     303.08697     297.88404     295.00652     293.80352     293.32972     293.22597     293.23928
     317.36219     317.06611     316.59284     315.85205     314.73494     313.14576     311.01883     307.92541     303.18698     297.97927     295.07233     293.84475     293.35068     293.23285     293.23878
     318.18599     317.86891     317.36047     316.56179     315.35084     313.60605     311.22389     307.99094     303.28277     298.07335     295.13813     293.88622     293.37198     293.24011     293.23866
     319.02860     318.69441     318.15778     317.30969     316.01498     314.11696     311.50871     308.09361     303.37730     298.16628     295.20386     293.92792     293.39362     293.24775     293.23893
     316.54491     316.54673     316.50977     316.34396     315.80249     314.40540     311.82203     308.23387     303.47358     298.25813     295.26950     293.96983     293.41560     293.25577     293.23958
     316.73114     316.55928     316.27936     315.83015     315.12308     313.98322     311.89826     308.38143     303.57336     298.34911     295.33502     294.01194     293.43792     293.26416     293.24061
     318.92171     318.53458     317.92323     316.99425     315.69137     314.05517     311.89049     308.49641     303.67485     298.43938     295.40040     294.05425     293.46057     293.27292     293.24202
     316.24360     316.26924     316.27089     316.16488     315.71577     314.44636     312.06441     308.60445     303.77601     298.52902     295.46565     294.09673     293.48353     293.28206     293.24381
     318.04749     317.72165     317.21973     316.48122     315.46436     314.13075     312.09958     308.71554     303.87728     298.61807     295.53074     294.13939     293.50682     293.29157     293.24598
     315.78973     315.82916     315.86686     315.83831     315.51859     314.39540     312.18146     308.81014     303.97774     298.70655     295.59567     294.18221     293.53042     293.30144     293.24853
     317.15787     316.89249     316.46515     315.81111     314.91700     313.84945     312.12311     308.89569     304.07681     298.79446     295.66046     294.22517     293.55433     293.31168     293.25146
     314.43206     314.54434     314.69005     314.81671     314.72040     313.92274     312.07864     308.95025     304.17278     298.88175     295.72507     294.26828     293.57853     293.32228     293.25476
     314.50759     314.44408     314.33412     314.14454     313.82361     313.25068     311.90450     308.98357     304.26430     298.96832     295.78952     294.31152     293.60304     293.33325     293.25845
     314.69206     314.58948     314.41829     314.13619     313.68593     312.97352     311.66993     308.97346     304.34922     299.05399     295.85377     294.35489     293.62783     293.34456     293.26251
     312.31375     312.45935     312.66559     312.91147     313.06159     312.73405     311.50202     308.93852     304.42562     299.13852     295.91782     294.39837     293.65290     293.35623     293.26694
     309.52535     309.81725     310.25914     310.87026     311.54268     311.86261     311.18756     308.87997     304.49300     299.22164     295.98163     294.44196     293.67826     293.36826     293.27175
     311.64948     311.49480     311.26599     310.97383     310.73555     310.78199     310.61913     308.76101     304.54928     299.30306     296.04516     294.48564     293.70388     293.38063     293.27694
     313.84246     313.56589     313.14678     312.55036     311.79552     311.01076     310.25301     308.58726     304.59073     299.38237     296.10835     294.52940     293.72978     293.39334     293.28249
     311.87943     311.96178     312.06579     312.14834     312.05134     311.44209     310.25403     308.44071     304.61813     299.45913     296.17114     294.57323     293.75593     293.40640     293.28842
     311.59923     311.57962     311.53595     311.44635     311.28338     310.98336     310.17234     308.34038     304.63668     299.53307     296.23345     294.61711     293.78234     293.41980     293.29471
     312.20139     312.09220     311.92097     311.66206     311.29520     310.80176     309.99188     308.24240     304.64910     299.60411     296.29520     294.66102     293.80899     293.43353     293.30137
     313.75341     313.50375     313.12377     312.57431     311.84331     310.96660     309.90524     308.14860     304.65601     299.67224     296.35632     294.70493     293.83588     293.44760     293.30839
     315.25207     314.95158     314.48114     313.77108     312.76688     311.48294     310.00078     308.08469     304.65924     299.73746     296.41674     294.74883     293.86300     293.46200     293.31578
     316.10125     315.82072     315.36261     314.63906     313.55911     312.08558     310.25734     308.07565     304.66245     299.79991     296.47640     294.79269     293.89035     293.47671     293.32353
     311.31708     311.61839     312.03742     312.51380     312.78343     312.24279     310.53844     308.12425     304.67002     299.85987     296.53526     294.83648     293.91790     293.49176     293.33164
     312.41810     312.28274     312.08558     311.82814     311.55087     311.26437     310.39840     308.17533     304.68407     299.91775     296.59329     294.88017     293.94566     293.50711     293.34011
     315.00233     314.65354     314.12111     313.36545     312.40576     311.36480     310.20466     308.16986     304.70083     299.97388     296.65047     294.92375     293.97360     293.52278     293.34893
     315.50272     315.26505     314.89614     314.31617     313.41424     312.05848     310.33123     308.16248     304.71728     300.02841     296.70682     294.96719     294.00173     293.53876     293.35811
     314.62331     314.54748     314.40257     314.12157     313.54963     312.41087     310.58337     308.20044     304.73550     300.08144     296.76234     295.01046     294.03003     293.55504     293.36764
     314.19683     314.12873     313.98934     313.70699     313.18026     312.28732     310.71931     308.26805     304.75835     300.13320     296.81703     295.05356     294.05848     293.57162     293.37752
     310.42890     310.72051     311.13686     311.65358     312.08500     311.94224     310.71789     308.33066     304.78604     300.18396     296.87093     295.09647     294.08709     293.58849     293.38774
     310.93522     310.90844     310.87867     310.86248     310.89162     310.92607     310.39539     308.34863     304.81626     300.23393     296.92405     295.13916     294.11582     293.60565     293.39830
     312.30938     312.14393     311.89627     311.55242     311.13354     310.69130     310.04623     308.29385     304.84365     300.28315     296.97642     295.18164     294.14468     293.62309     293.40921
     310.39465     310.52794     310.72710     310.97746     311.13750     310.83665     309.92535     308.21524     304.86463     300.33145     297.02808     295.22388     294.17366     293.64081     293.42045
     311.21009     311.11513     310.95853     310.72233     310.44387     310.23214     309.72487     308.13891     304.87972     300.37862     297.07903     295.26590     294.20274     293.65880     293.43203
     312.87876     312.64030     312.27467     311.74039     311.05230     310.33105     309.54651     308.04486     304.88877     300.42450     297.12928     295.30767     294.23191     293.67705     293.44393
     312.62268     312.52206     312.34737     312.05799     311.56803     310.74893     309.59061     307.96863     304.89230     300.46893     297.17883     295.34919     294.26117     293.69555     293.45616
     312.57793     312.47544     312.30694     312.03014     311.57710     310.83992     309.67759     307.93196     304.89347     300.51184     297.22765     295.39045     294.29050     293.71432     293.46872
     312.84474     312.71760     312.52144     312.21261     311.72332     310.93388     309.73403     307.91903     304.89497     300.55329     297.27576     295.43146     294.31990     293.73332     293.48159
     312.18411     312.12932     312.04193     311.89098     311.59531     310.96659     309.78872     307.92105     304.89808     300.59340     297.32313     295.47219     294.34936     293.75257     293.49478
     307.63959     308.08274     308.73475     309.59248     310.43404     310.63788     309.76958     307.92789     304.90334     300.63235     297.36978     295.51265     294.37887     293.77205     293.50829
     305.77191     306.06334     306.51345     307.18143     308.09781     309.09408     309.33459     307.89621     304.90959     300.67026     297.41571     295.55282     294.40841     293.79176     293.52209
     306.65881     306.70845     306.79905     306.97600     307.34199     308.02780     308.62886     307.75819     304.91080     300.70714     297.46094     295.59271     294.43800     293.81168     293.53621
     305.98366     306.12861     306.35780     306.70370     307.17401     307.69204     308.09266     307.54140     304.89998     300.74270     297.50546     295.63231     294.46761     293.83183     293.55062
     303.72959     304.04985     304.53954     305.24545     306.15217     307.07182     307.65616     307.30173     304.87495     300.77648     297.54926     295.67161     294.49723     293.85218     293.56532
     303.36531     303.55131     303.84409     304.30330     305.02247     306.07975     307.08763     307.03799     304.83603     300.80806     297.59232     295.71060     294.52688     293.87274     293.58032
     304.15736     304.21133     304.30946     304.49712     304.87115     305.58019     306.52402     306.73895     304.78265     300.83704     297.63459     295.74929     294.55652     293.89349     293.59560
     305.90014     305.78807     305.63839     305.47599     305.39304     305.58283     306.15611     306.43539     304.71456     300.86308     297.67601     295.78765     294.58616     293.91444     293.61116
     304.77011     304.89815     305.10463     305.40727     305.74676     305.92201     306.05197     306.17174     304.63471     300.88583     297.71651     295.82568     294.61580     293.93557     293.62700
     304.22920     304.33581     304.50753     304.77340     305.14937     305.58776     305.93062     305.96257     304.54847     300.90516     297.75604     295.86337     294.64542     293.95688     293.64311
     302.34147     302.61602     303.02653     303.60303     304.33301     305.10335     305.68447     305.77188     304.46012     300.92131     297.79452     295.90069     294.67501     293.97836     293.65949
     300.35803     300.69309     301.20853     301.96718     303.00439     304.23368     305.27293     305.56686     304.37141     300.93557     297.83204     295.93763     294.70457     294.00001     293.67613
     303.30035     303.15621     302.96619     302.78601     302.82665     303.50515     304.71559     305.31746     304.27797     300.94727     297.86888     295.97418     294.73409     294.02182     293.69303
     303.18645     303.26013     303.36575     303.50293     303.66154     303.88201     304.43990     305.04819     304.17590     300.95549     297.90505     296.01035     294.76356     294.04379     293.71018
     303.40474     303.41049     303.42659     303.47226     303.59548     303.87689     304.34033     304.81952     304.06731     300.96008     297.94031     296.04614     294.79298     294.06590     293.72757
     304.43126     304.35003     304.23737     304.10172     303.98643     303.99899     304.26733     304.62945     303.95622     300.96113     297.97444     296.08152     294.82233     294.08816     293.74521
     305.41256     305.29506     305.11827     304.87082     304.57218     304.32001     304.29516     304.47944     303.84580     300.95886     298.00726     296.11647     294.85161     294.11055     293.76308
     304.38478     304.46272     304.56597     304.67458     304.72179     304.60505     304.40949     304.37699     303.73927     300.95360     298.03867     296.15095     294.88081     294.13308     293.78119
     304.33544     304.33370     304.33522     304.34795     304.38664     304.44937     304.43505     304.30888     303.63941     300.94575     298.06860     296.18494     294.90992     294.15573     293.79952
     304.88431     304.82860     304.74781     304.64142     304.52543     304.43988     304.39387     304.24586     303.54668     300.93576     298.09702     296.21839     294.93893     294.17849     293.81807
     305.29687     305.23305     305.13390     304.98763     304.79299     304.57896     304.39785     304.18765     303.46035     300.92402     298.12395     296.25129     294.96782     294.20137     293.83684
     305.04811     305.04216     305.02511     304.98184     304.88528     304.70257     304.44405     304.14307     303.38029     300.91087     298.14940     296.28358     294.99658     294.22435     293.85581
     304.48094     304.52244     304.58133     304.65269     304.70624     304.66670     304.46557     304.11036     303.30675     300.89662     298.17343     296.31527     295.02521     294.24742     293.87500
     303.28790     303.42449     303.62874     303.90848     304.22439     304.44312     304.41270     304.07669     303.23932     300.88158     298.19609     296.34631     295.05367     294.27059     293.89438
     300.77465     301.08071     301.56230     302.27199     303.16372     303.92998     304.24047     304.02475     303.17648     300.86596     298.21745     296.37672     295.08197     294.29383     293.91395
     299.98714     300.20191     300.54229     301.07090     301.86129     302.91411     303.82476     303.92692     303.11531     300.84990     298.23758     296.40646     295.11008     294.31715     293.93371
     298.27436     298.60287     299.11591     299.88152     300.93036     302.16287     303.30915     303.75933     303.05096     300.83336     298.25654     296.43554     295.13800     294.34053     293.95365
     296.94631     297.28746     297.81927     298.62063     299.76315     301.23544     302.73739     303.53397     302.97906     300.81615     298.27439     296.46396     295.16570     294.36397     293.97377
     296.36150     296.64376     297.08603     297.76766     298.80446     300.32481     302.10107     303.25409     302.89625     300.79793     298.29117     296.49173     295.19319     294.38745     293.99406
     295.27148     295.59502     296.10666     296.89452     298.05459     299.63515     301.49280     302.93070     302.79998     300.77826     298.30690     296.51883     295.22045     294.41097     294.01450
     295.05530     295.29814     295.69735     296.34878     297.38760     298.94229     300.90893     302.58225     302.68932     300.75666     298.32158     296.54528     295.24747     294.43452     294.03511
     294.56344     294.81958     295.24506     295.93776     297.00497     298.49219     300.39363     302.22142     302.56455     300.73267     298.33520     296.57108     295.27424     294.45810     294.05586
     294.58943     294.79887     295.13707     295.68206     296.56387     297.97228     299.92006     301.86354     302.42708     300.70589     298.34772     296.59623     295.30075     294.48168     294.07676
     294.62289     294.79717     295.09143     295.58803     296.40838     297.68564     299.50982     301.51299     302.27878     300.67603     298.35908     296.62073     295.32700     294.50528     294.09779
     295.38081     295.46854     295.63035     295.93435     296.50326     297.52906     299.18693     301.18228     302.12190     300.64288     298.36924     296.64457     295.35298     294.52886     294.11895
     295.32919     295.47782     295.70037     296.03141     296.55237     297.46542     298.96112     300.88260     301.95932     300.60637     298.37812     296.66775     295.37868     294.55244     294.14023
     295.61734     295.70126     295.84885     296.11302     296.58872     297.42686     298.78996     300.61788     301.79421     300.56656     298.38568     296.69025     295.40409     294.57600     294.16163
     297.10794     297.04908     296.98192     296.94521     297.05255     297.54280     298.67601     300.38693     301.62933     300.52361     298.39187     296.71207     295.42921     294.59953     294.18314
     298.34759     298.26271     298.14256     297.99626     297.88513     297.99946     298.71039     300.19907     301.46732     300.47777     298.39666     296.73319     295.45402     294.62302     294.20475
     298.81010     298.76948     298.70780     298.62066     298.52062     298.49976     298.88187     300.07110     301.31167     300.42942     298.40002     296.75360     295.47853     294.64647     294.22645
     296.74009     296.97348     297.31377     297.76496     298.26378     298.66876     299.06280     300.00044     301.16607     300.37901     298.40195     296.77328     295.50272     294.66987     294.24824
     294.72016     295.01140     295.47181     296.16620     297.10844     298.13735     299.02044     299.95006     301.03232     300.32711     298.40248     296.79222     295.52659     294.69321     294.27010
     293.30314     293.62187     294.11558     294.85457     295.90494     297.27076     298.69476     299.86347     300.90812     300.27423     298.40165     296.81042     295.55013     294.71649     294.29204
     292.86482     293.11066     293.50622     294.13293     295.09982     296.50773     298.22163     299.71061     300.78799     300.22067     298.39952     296.82786     295.57332     294.73969     294.31405
     292.21465     292.47517     292.89098     293.54294     294.53347     295.95361     297.75602     299.50042     300.66646     300.16647     298.39613     296.84455     295.59617     294.76280     294.33612
     292.37227     292.55041     292.85080     293.35631     294.19133     295.50437     297.32913     299.25577     300.54019     300.11152     298.39154     296.86048     295.61867     294.78583     294.35823
     292.07227     292.28249     292.61913     293.15101     293.97535     295.21940     296.97723     298.99717     300.40792     300.05559     298.38579     296.87565     295.64081     294.80876     294.38039
     290.35450     290.71886     291.28376     292.12537     293.30111     294.81310     296.65874     298.74009     300.27000     299.99850     298.37889     296.89007     295.66258     294.83159     294.40259
     289.40296     289.72896     290.25349     291.08045     292.33075     294.08387     296.23832     298.47635     300.12707     299.94007     298.37087     296.90374     295.68398     294.85430     294.42481
     289.89242     290.07839     290.39846     290.95518     291.91769     293.50438     295.75257     298.18800     299.97841     299.88016     298.36174     296.91665     295.70500     294.87690     294.44706
     289.71456     289.93921     290.31844     290.94639     291.92915     293.34378     295.37743     297.88669     299.82301     299.81860     298.35149     296.92881     295.72565     294.89937     294.46932
     289.72363     289.91320     290.22861     290.75387     291.62279     293.02137     295.06801     297.59730     299.66176     299.75520     298.34010     296.94023     295.74591     294.92171     294.49159
     289.03493     289.30304     289.71950     290.35534     291.31216     292.73732     294.77045     297.31917     299.49629     299.68988     298.32759     296.95089     295.76578     294.94391     294.51386
     288.02339     288.32741     288.81321     289.57172     290.70885     292.31744     294.45573     297.04896     299.32777     299.62261     298.31391     296.96081     295.78526     294.96596     294.53612
     287.49237     287.78280     288.25055     288.99124     290.12996     291.80327     294.08035     296.77537     299.15670     299.55337     298.29907     296.96997     295.80434     294.98787     294.55836
     286.29322     286.66448     287.24044     288.11088     289.39158     291.23035     293.66790     296.49039     298.98264     299.48218     298.28305     296.97837     295.82302     295.00962     294.58059
     287.59581     287.69245     287.89598     288.32633     289.19725     290.78549     293.23028     296.18965     298.80483     299.40902     298.26584     296.98602     295.84129     295.03120     294.60279
     288.84687     288.91633     289.03802     289.26945     289.76010     290.85160     292.93922     295.88899     298.62283     299.33383     298.24742     296.99290     295.85915     295.05262     294.62495
     287.83466     288.08455     288.47039     289.06305     289.91739     291.07572     292.85034     295.62486     298.43852     299.25659     298.22779     296.99901     295.87660     295.07385     294.64707
     287.76139     287.94249     288.23788     288.72051     289.51253     290.80045     292.72242     295.40328     298.25551     299.17739     298.20693     297.00434     295.89363     295.09492     294.66914
     289.48255     289.46096     289.45904     289.54002     289.86685     290.76666     292.55319     295.19650     298.07563     299.09645     298.18483     297.00889     295.91024     295.11579     294.69115
     289.98500     290.03645     290.12165     290.26955     290.55270     291.16710     292.54346     295.01372     297.89959     299.01398     298.16152     297.01266     295.92642     295.13647     294.71311
     290.19160     290.25114     290.35344     290.53191     290.84985     291.44467     292.63529     294.87713     297.72967     298.93027     298.13699     297.01564     295.94216     295.15696     294.73499
     290.15041     290.23776     290.37960     290.60890     290.98020     291.60184     292.72384     294.78067     297.56845     298.84567     298.11129     297.01782     295.95746     295.17724     294.75680
     288.89759     289.11849     289.46026     289.97368     290.68889     291.58323     292.76928     294.70869     297.41726     298.76057     298.08444     297.01921     295.97232     295.19732     294.77853
     287.32965     287.64612     288.14038     288.88475     289.91578     291.18461     292.67469     294.63793     297.27585     298.67539     298.05651     297.01980     295.98673     295.21718     294.80016
     286.34756     286.64950     287.12815     287.86987     288.97487     290.51177     292.39554     294.53691     297.14182     298.59043     298.02756     297.01960     296.00068     295.23683     294.82171
     285.67097     285.96214     286.43103     287.17172     288.29924     289.91545     292.01314     294.38651     297.01101     298.50585     297.99766     297.01862     296.01418     295.25624     294.84315
     285.42438     285.67560     286.08650     286.75264     287.80895     289.41077     291.61543     294.19240     296.87934     298.42164     297.96688     297.01686     296.02721     295.27544     294.86448
     286.06628     286.20660     286.45296     286.89561     287.69705     289.09719     291.25830     293.97005     296.74418     298.33762     297.93527     297.01434     296.03978     295.29439     294.88570
     287.79329     287.78336     287.80125     287.91232     288.27222     289.18892     291.03300     293.74344     296.60468     298.25359     297.90288     297.01106     296.05187     295.31310     294.90680
     287.13797     287.32535     287.60979     288.02629     288.61890     289.49458     291.00711     293.54755     296.46241     298.16937     297.86974     297.00705     296.06349     295.33157     294.92777
     285.92514     286.18341     286.58776     287.20166     288.09148     289.31480     290.96983     293.39305     296.32085     298.08491     297.83587     297.00231     296.07465     295.34979     294.94861
     283.88887     284.50685     285.09934     285.98954     287.23981     288.83846     290.78185     293.24751     296.18190     298.00026     297.80130     296.99686     296.08533     295.36775     294.96931
     282.43711     282.87719     283.51826     284.50464     285.96366     287.97588     290.39936     293.07655     296.04455     297.91552     297.76605     296.99070     296.09553     295.38545     294.98987
     282.01064     282.34634     282.89262     283.77074     285.14300     287.17755     289.87184     292.85235     295.90540     297.83066     297.73014     296.98386     296.10526     295.40289     295.01027
     282.20342     282.45838     282.88431     283.59613     284.77226     286.64838     289.36268     292.58014     295.76058     297.74551     297.69360     296.97635     296.11451     295.42006     295.03052
     280.65629     281.11612     281.77037     282.76023     284.20097     286.21676     288.93816     292.28621     295.60810     297.65980     297.65643     296.96817     296.12329     295.43695     295.05060
     280.18453     280.52588     281.08492     281.99150     283.42167     285.56239     288.48066     291.98181     295.44790     297.57323     297.61863     296.95933     296.13159     295.45356     295.07052
     278.86914     279.31831     280.02128     281.09348     282.67626     284.94044     287.99314     291.66092     295.27986     297.48554     297.58019     296.94986     296.13942     295.46989     295.09026
     278.79089     279.11026     279.64275     280.52982     281.98430     284.26380     287.47022     291.32236     295.10363     297.39647     297.54107     296.93975     296.14678     295.48593     295.10983
     279.70579     280.06062     280.39353     281.00899     282.11869     284.00978     287.01369     290.97065     294.91888     297.30577     297.50125     296.92901     296.15367     295.50169     295.12921
     280.79620     280.94251     281.19598     281.65155     282.48928     284.03911     286.73290     290.63561     294.72670     297.21321     297.46067     296.91764     296.16009     295.51715     295.14840
     280.36032     280.61436     281.01295     281.63059     282.58787     284.11197     286.58814     290.34189     294.53031     297.11867     297.41931     296.90564     296.16604     295.53231     295.16739
     280.87176     281.02282     281.28724     281.75682     282.59155     284.04876     286.45814     290.09000     294.33352     297.02220     297.37712     296.89301     296.17151     295.54717     295.18618
     279.67324     280.01216     280.53087     281.29799     282.39646     283.97730     286.34046     289.86870     294.13900     296.92396     297.33406     296.87975     296.17652     295.56172     295.20477
     280.10375     280.26961     280.56747     281.10851     282.07239     283.68787     286.15719     289.66470     293.94830     296.82418     297.29011     296.86586     296.18106     295.57597     295.22314
     280.02030     280.45725     280.79244     281.34748     282.24704     283.67664     285.99003     289.46532     293.76151     296.72311     297.24526     296.85132     296.18513     295.58990     295.24130
     278.94616     279.53470     280.01889     280.76455     281.87983     283.50387     285.85554     289.27923     293.57878     296.62098     297.19952     296.83613     296.18873     295.60352     295.25924
     279.18452     279.41463     279.79270     280.42022     281.45703     283.13319     285.63652     289.09567     293.40025     296.51801     297.15290     296.82029     296.19185     295.61682     295.27695
     279.33103     279.55630     279.89230     280.45124     281.38608     282.94245     285.40326     288.90257     293.22494     296.41438     297.10541     296.80380     296.19450     295.62980     295.29443
     278.47185     278.86843     279.33941     280.07124     281.17456     282.79984     285.21588     288.70858     293.05192     296.31023     297.05708     296.78665     296.19668     295.64246     295.31167
     277.48788     277.89323     278.44630     279.30606     280.59120     282.43000     284.99373     288.51632     292.88103     296.20564     297.00793     296.76885     296.19837     295.65478     295.32868
     276.29382     276.97867     277.55029     278.45594     279.84989     281.89035     284.67978     288.31194     292.71159     296.10069     296.95800     296.75039     296.19959     295.66677     295.34544
     275.78010     276.26248     276.84988     277.78080     279.21418     281.33580     284.29319     288.08270     292.54191     295.99541     296.90730     296.73128     296.20032     295.67843     295.36195
     276.02838     276.59650     276.99295     277.68157     278.87627     280.87381     283.88770     287.82755     292.36998     295.88974     296.85586     296.71152     296.20057     295.68975     295.37821
     275.55108     276.17328     276.66103     277.45257     278.70934     280.64807     283.55702     287.55957     292.19448     295.78357     296.80370     296.69112     296.20034     295.70073     295.39421
     274.96544     275.50320     276.10617     277.01221     278.34560     280.32311     283.25451     287.29411     292.01557     295.67675     296.75083     296.67007     296.19961     295.71136     295.40995
     274.04026     274.40974     275.01890     275.98721     277.49415     279.75311     282.90131     287.02717     291.83376     295.56919     296.69726     296.64839     296.19840     295.72164     295.42542
     274.16249     274.45577     274.93902     275.75516     277.11196     279.27422     282.48654     286.74432     291.64865     295.46080     296.64299     296.62608     296.19671     295.73158     295.44062
     275.08338     275.31050     275.62412     276.18688     277.21549     279.07028     282.13560     286.45177     291.45943     295.35147     296.58800     296.60313     296.19452     295.74115     295.45555
     276.28993     276.47758     276.66005     277.01924     277.75044     279.22069     281.94023     286.17402     291.26671     295.24106     296.53230     296.57956     296.19185     295.75037     295.47019
     275.39862     275.71264     276.19600     276.92132     277.96227     279.46242     281.90483     285.93855     291.07317     295.12956     296.47587     296.55537     296.18868     295.75923     295.48456
     274.31295     274.75243     275.23186     276.02423     277.28575     279.16048     281.81493     285.74437     290.88239     295.01706     296.41871     296.53055     296.18503     295.76772     295.49863
     275.65847     275.82014     276.09549     276.57437     277.42805     278.97389     281.61488     285.55625     290.69575     294.90375     296.36080     296.50511     296.18088     295.77584     295.51242
     275.65375     275.84148     276.15559     276.68311     277.56805     279.04649     281.50511     285.37423     290.51283     294.78984     296.30217     296.47904     296.17624     295.78360     295.52591
     276.10346     276.26615     276.53772     276.99450     277.77115     279.11550     281.44400     285.21147     290.33423     294.67549     296.24282     296.45236     296.17111     295.79098     295.53910
     276.00671     276.19592     276.50544     277.01035     277.83271     279.18114     281.41978     285.07069     290.16100     294.56090     296.18278     296.42505     296.16548     295.79799     295.55199
     275.92021     276.11680     276.43787     276.95983     277.80357     279.16851     281.38656     284.94827     289.99405     294.44630     296.12207     296.39714     296.15936     295.80462     295.56457
     275.88548     276.07788     276.39356     276.91043     277.75310     279.12320     281.33438     284.83620     289.83369     294.33193     296.06073     296.36860     296.15275     295.81086     295.57685
     275.94014     276.11751     276.41283     276.90595     277.72692     279.07971     281.27221     284.72930     289.67966     294.21800     295.99881     296.33947     296.14563     295.81673     295.58880
     276.05463     276.22418     276.50534     276.97384     277.75642     279.06274     281.21313     284.62615     289.53151     294.10470     295.93635     296.30973     296.13803     295.82221     295.60045
     275.94159     276.13064     276.43759     276.93376     277.73521     279.03970     281.16034     284.52741     289.38884     293.99219     295.87340     296.27941     296.12992     295.82729     295.61177
     276.43299     276.56173     276.76410     277.12528     277.79001     279.00984     281.10094     284.43178     289.25127     293.88060     295.81002     296.24851     296.12133     295.83199     295.62276
     278.20117     278.18655     278.13281     278.13898     278.37393     279.20489     281.08317     284.34066     289.11841     293.77002     295.74626     296.21704     296.11224     295.83630     295.63343
     277.89911     278.04827     278.27611     278.60604     279.06198     279.75509     281.22839     284.27229     288.99053     293.66057     295.68217     296.18503     296.10266     295.84021     295.64377
     277.02914     277.23438     277.54826     278.01629     278.70807     279.75294     281.36977     284.24151     288.86954     293.55235     295.61781     296.15248     296.09259     295.84372     295.65377
     276.12209     276.48029     276.84863     277.43587     278.32846     279.58899     281.37491     284.21845     288.75640     293.44556     295.55323     296.11942     296.08203     295.84683     295.66344
